
r0ECI_target = [ 6687.1366, 0, 0 ]';
v0ECI_target = [ 0, 7.10106304600954, 3.23614087225874 ]';
period_target = 5623.82474323939;

% No inclination
r0ECI_chaser = [ 6740.78083128987, 536.642294319066, 244.561983350443 ]';
v0ECI_chaser = [ -0.66382767817634, 7.01180960294845, 3.19546573485912 ]';
period_chaser = 5670.1696304242;
maneuverStartDelay = 300;
orbitType = "prograde";
maneuverTime = 3780; % Seconds

% With inclination
% r0ECI_chaser = [ 6740.78083128987, 520.711196355516, 276.86705427396 ]';
% v0ECI_chaser = [ -0.66382767817634, 6.80365264836464, 3.61756628288408 ]';
% period_chaser = 5670.1696304242;
% maneuverStartDelay = 4440; %300;
% orbitType = "prograde";
% maneuverTime = 660; %2460; % Seconds

