% % T = 0; % 
% % i = 24.5; % 
% % O = 0;
% % w = 0;
% % rSat_a = rEarth + 309
% % rSat_p = rEarth + 605
% r0ECI_target = [6983.13660000000;0;0];
% v0ECI_target = [0;6.80006439998294;3.09896788638466];
% period_target = 5623.82474323939;
% T = 10; % 
% i = 24.5; % 
% O = 0;
% w = 0;
% rSat_a = rEarth + 309
% rSat_p = rEarth + 605
r0ECI_target = [0;6216.79350911990;2833.15602733049];
v0ECI_target = [-7.63830719553694;-0.150499323013302;-0.0685864929370411];
period_target = 5623.82474323939;

% % No inclination
% r0ECI_chaser = [6587.66508650894;-1056.99562901157;-481.700660123752];
% v0ECI_chaser = [1.32637812496519;6.99546836522539;3.18801860378082];
% period_chaser = [5623.82474323939];
% maneuverStartDelay = 2160;
% orbitType = "prograde";
% maneuverTime = 4560; % Seconds
% 
% % With inclination
% % r0ECI_chaser = [ 6740.78083128987, 520.711196355516, 276.86705427396 ]';
% % v0ECI_chaser = [ -0.66382767817634, 6.80365264836464, 3.61756628288408 ]';
% % period_chaser = 5670.1696304242;
% % maneuverStartDelay = 4440; %300;
% % orbitType = "prograde";
% % maneuverTime = 660; %2460; % Seconds

% % T = -10; % 
% % i = 22; % 
% % O = 0;
% % w = 5;
% % rSat_a = rEarth + 309
% % rSat_p = rEarth + 605
% r0ECI_chaser = [6954.22539968667;-564.113386432189;-227.916602463287];
% v0ECI_chaser = [0.680137104600880;6.90240127458609;2.78875113617079];
% period_chaser = 5623.82474323939;
% maneuverStartDelay = 3660;%3000; % minStartDeltaV = 0.0390689366347962
% orbitType = "prograde";
% maneuverTime = 4800;%5220; % Seconds
% %minStartDeltaV =0.0521387832193322

% % T = 0; % 
% % i = 24.5; % 
% % O = 0;
% % w = 0;
% % rSat_a = rEarth + 319
% % rSat_p = rEarth + 615
% r0ECI_chaser = [6993.13660000000;0;0];
% v0ECI_chaser = [0;6.79531055674117;3.09680143520470];
% period_chaser = [5636.17098046600];
% maneuverStartDelay = 0; %0.0044 start dV
% orbitType = "prograde";
% maneuverTime = 3960; % Seconds

% % T = 0; % 
% % i = 24.5; % 
% % O = 0;
% % w = 0;
% % rSat_a = rEarth + 329
% % rSat_p = rEarth + 625
% r0ECI_chaser = [7003.13660000000;0;0];
% v0ECI_chaser = [0;6.79056665580735;3.09463951499551];
% period_chaser = [5648.52623924431];
% maneuverStartDelay = 0; %0.0089 start dV
% orbitType = "prograde";
% maneuverTime = 3960; % Seconds

% T = 10; % 
% i = 24.5; % 
% O = 0;
% w = 0;
% rSat_a = rEarth + 339
% rSat_p = rEarth + 635
r0ECI_chaser = [0;6244.10509023239;2845.60263192356];
v0ECI_chaser = [-7.62158399322606;-0.149513593942488;-0.0681372703186293];
period_chaser = [5660.89051299178];
maneuverStartDelay = 0; %0.0133 start dV
orbitType = "prograde";
maneuverTime = 3960; % Seconds

% % T = 5; % 
% % i = 24.5; % 
% % O = 0;
% % w = 0;
% % rSat_a = rEarth + 339
% % rSat_p = rEarth + 635
% r0ECI_chaser = [6985.86378234566;556.153665545165;253.453827499619];
% v0ECI_chaser = [-0.664264813843280;6.75944157628130;3.08045499904995];
% period_chaser = [5660.89051299178];
% maneuverStartDelay = 4140; %0.0013 start dV
% orbitType = "prograde";
% maneuverTime = 4620; % Seconds