
r0ECI_target = [ 6846.778547302488, -155.4912902730209, 1197.216618136735 ]';
v0ECI_target = [ -1.313213744521753, -0.961664408215407, 7.404405793820075 ]';
period_target = 5790.6;

r0ECI_chaser = [ 6990.1366, 0.0, 0.0 ]';
v0ECI_chaser = [ 0.0, -1.04884571201957, 7.50091780930118 ]';
period_chaser = 5790.6;

maneuverStartDelay = 300;
orbitType = "retrograde";