
r0ECI_target = [7078.13660000000;0;0];
v0ECI_target = [0;4.25034416596234;6.07012054858710];
period_target = [5711.67814746559];

% Near
% r0ECI_chaser = [7077.03103518697;-70.8539179563505;-101.189881699231];
% v0ECI_chaser = [0.132629874144144;4.24968028371502;6.06917242647887];
% period_chaser = [5711.67814746559];
% maneuverStartDelay = 5400;
% orbitType = "prograde";
% maneuverTime = 240; % Seconds

% Far
r0ECI_chaser = [6967.90002617989;-704.712513499466;-1006.43377148049];
v0ECI_chaser = [1.31964242479043;4.18412261428265;5.97554637155237];
period_chaser = [5711.67814746559];
maneuverStartDelay = 5160; %300;
orbitType = "prograde";
maneuverTime = 360; %2460; % Seconds

