
r0ECI_target = [ 6872.1366, 0, 0 ]';
v0ECI_target = [0;0.658881862528061;7.59209666224103];
period_target = 5680.07293777772;

% Near
% r0ECI_chaser = [6871.09123151000;-10.3696393653584;-119.486221873391];
% v0ECI_chaser = [0.132834298593533;0.658781635444641;7.59094177583608];
% period_chaser = 5680.07293777772;
% maneuverStartDelay = 3900;
% orbitType = "prograde";
% maneuverTime = 1740; % Seconds

% Far
r0ECI_chaser = [6767.86026426213;-103.177885548011;-1188.88760646796];
v0ECI_chaser = [1.32167640980187;0.648884317012713;7.47689796539658];
period_chaser = 5680.07293777772;
maneuverStartDelay = 4020; %300;
orbitType = "prograde";
maneuverTime = 1500; %2460; % Seconds

