
chaserTargetDistance = 0.01;

% T = 0; % 
% i = 24.5; % 
% O = 0;
% w = 0;
% rSat_a = rEarth + 309
% rSat_p = rEarth + 605
r0ECI_target = [6983.13660000000;0;0];
v0ECI_target = [0;6.80006439998294;3.09896788638466];
period_target = [5623.82474323939];


% T = -0.025; % 
% i = 24.5; % 
% O = 0;
% w = 0;
% rSat_a = rEarth + 309
% rSat_p = rEarth + 605
r0ECI_chaser1 = [6983.13592054251;-2.77262291141849;-1.26355705742460];
v0ECI_chaser1 = [0.00333284014026806;6.80006373833832;3.09896758485583];
period_chaser1 = [5623.82474323939];
maneuverStartDelay = 2820; %2.2564e-04 start dV
orbitType = "prograde";
maneuverTime = 4920; % Seconds

% T = -0.025; % 
% i = 24.5; % 
% O = 0;
% w = 0;
% rSat_a = rEarth + 309
% rSat_p = rEarth + 605
r0ECI_chaser2 = [6983.13592054251;-2.77262291141849;-1.26355705742460];
v0ECI_chaser2 = [0.00333284014026806;6.80006373833832;3.09896758485583];
period_chaser2 = [5623.82474323939];

% T = -0.025; % 
% i = 24.5; % 
% O = 0;
% w = 0;
% rSat_a = rEarth + 309
% rSat_p = rEarth + 605
r0ECI_chaser3 = [6983.13592054251;-2.77262291141849;-1.26355705742460];
v0ECI_chaser3 = [0.00333284014026806;6.80006373833832;3.09896758485583];
period_chaser3 = [5623.82474323939];

% T = -0.025; % 
% i = 24.5; % 
% O = 0;
% w = 0;
% rSat_a = rEarth + 309
% rSat_p = rEarth + 605
r0ECI_chaser4 = [6983.13592054251;-2.77262291141849;-1.26355705742460];
v0ECI_chaser4 = [0.00333284014026806;6.80006373833832;3.09896758485583];
period_chaser4 = [5623.82474323939];
