rEarth = 6378.1363; %Vallado Book
muEarth = 398600.4415; %Vallado Book
J2Earth = 0.0010826269; %Vallado Book