rEarth = 6378.1366; %6378.137;
muEarth = 398600.4415; %398600.4418; 