rEarth = 6378;
muEarth = 398600;